Token Position,KV Cache Computation Time(ms)
1,5.624771
2,5.920887
3,4.337549
4,4.284620
5,4.291534
6,5.202055
7,8.185625
8,7.969141
9,4.250765
10,6.219387
11,4.285097
12,4.277706
13,5.717039
14,8.193254
15,8.725643
16,4.206419
17,6.108522
18,5.761623
19,4.246473
20,7.153034
21,4.249811
22,4.237652
23,4.239798
24,5.324841
25,8.955479
26,7.697821
27,4.350424
28,5.682945
29,4.201651
30,4.199982
31,6.146431
32,5.810976
33,6.025314
34,5.705357
35,4.236460
36,8.743048
37,4.231453
38,5.705595
39,4.227638
40,4.587889
41,6.007433
42,4.200935
43,8.947611
44,6.744385
45,4.216909
46,5.090952
47,4.178047
48,4.199028
49,6.175518
50,4.215002
51,4.199028
52,6.061077
53,4.226685
54,10.505915
55,5.266905
56,5.109310
57,4.666567
58,4.205704
59,5.824804
60,4.222631
61,8.054495
62,7.337809
63,4.255772
64,4.262209
65,9.196997
66,4.576921
67,5.146503
68,4.701138
69,4.223585
70,4.210472
71,7.310629
72,4.549026
73,4.239082
74,7.175684
75,4.185915
76,9.876251
77,5.597830
78,4.900217
79,4.230022
80,4.246235
81,6.293297
82,4.910231
83,7.288218
84,4.227161
85,4.986048
86,4.727602
87,4.252434
88,4.242420
89,5.755901
90,5.792379
91,5.546808
92,5.668163
93,4.582882
94,5.764484
95,4.199266
96,6.242990
97,4.175901
98,4.219770
99,5.097628
100,4.610777
101,5.868435
102,6.317616
103,4.756212
104,5.076170
105,5.713701
106,4.200697
107,6.105661
108,4.207850
109,4.231215
110,4.948378
111,4.671097
112,9.280443
113,7.734776
114,4.236698
115,10.111570
116,4.385948
117,4.172802
118,6.204605
119,4.227638
120,4.222631
121,5.900860
122,4.602194
123,5.755901
124,4.255533
125,6.030083
126,4.210949
127,4.204035
128,7.004023
129,5.087376
130,9.120464
131,5.251646
132,4.767895
133,4.616261
134,4.202604
135,4.179239
136,5.643129
137,4.623175
138,5.996704
139,4.696369
140,5.615711
141,7.359505
142,4.206657
143,5.480289
144,4.663467
145,4.206419
146,4.227638
147,5.881310
148,4.214764
149,4.198790
150,4.622459
151,4.615784
152,4.208803
153,4.340410
154,6.073952
155,4.420519
156,4.895687
157,5.797625
158,5.552053
159,4.193306
160,8.950949
161,4.638433
162,4.659176
163,4.589558
164,4.198313
165,4.214048
166,5.954981
167,4.185915
168,4.217148
169,5.725861
170,4.466057
171,6.942749
172,5.947590
173,5.642414
174,4.687071
175,7.241011
176,4.249096
177,5.455732
178,6.984234
179,4.220963
180,4.233360
181,5.043507
182,5.842447
183,5.768538
184,5.553722
185,4.903316
186,5.675316
187,4.225016
188,5.250216
189,4.527330
190,4.201651
191,5.147934
192,4.692316
193,7.738829
194,6.899357
195,4.546165
196,5.441904
197,5.732536
198,4.233599
199,4.901409
200,4.633427
201,4.191637
202,4.200697
203,7.040501
204,4.214048
205,4.188776
206,5.414009
207,4.645824
208,6.183386
209,5.805731
210,5.064487
211,5.225182
212,5.717278
213,4.214287
214,4.948378
215,4.690647
216,4.173517
217,4.199982
218,5.631924
219,4.975796
220,5.740404
221,6.075621
222,4.252195
223,8.982182
224,5.093813
225,4.879236
226,4.221916
227,4.191637
228,4.194021
229,5.511999
230,6.568432
231,6.177425
232,5.459785
233,4.922867
234,7.134914
235,4.215956
236,5.175114
237,5.177736
238,4.221916
239,4.186392
240,6.000996
241,4.534721
242,4.220009
243,6.041050
244,4.178286
245,7.197380
246,4.647732
247,4.686117
248,4.675150
249,4.188776
250,4.214525
251,5.160093
252,4.729509
253,5.445480
254,5.819798
255,4.212856
256,7.256031
257,4.717588
258,4.540682
259,4.640579
260,4.193783
261,4.209757
262,5.728960
263,4.217386
264,4.202127
265,4.214048
266,5.640268
267,4.480600
268,4.203558
269,5.337954
270,4.633665
271,4.654408
272,5.874634
273,5.561113
274,4.503727
275,10.051966
276,4.196167
277,4.659653
278,4.609108
279,4.168272
280,4.196405
281,5.066395
282,7.430315
283,5.656481
284,5.115986
285,4.282236
286,8.653879
287,4.566431
288,5.211592
289,4.519463
290,4.180670
291,4.737377
292,5.057812
293,8.939743
294,6.800890
295,4.555464
296,5.900621
297,5.639076
298,4.230261
299,5.676746
300,4.177094
301,4.149675
302,4.189253
303,5.055904
304,4.305840
305,4.167557
306,4.182577
307,4.202843
308,4.174471
309,4.183769
310,4.178524
311,4.182339
312,4.181385
313,4.168749
314,4.155874
315,4.173994
316,4.204035
317,4.201174
318,4.203320
319,4.194498
320,4.177809
321,4.165649
322,4.199266
323,4.235268
324,4.167795
325,4.266977
326,4.192114
327,4.212379
328,4.289627
329,4.480124
330,4.444361
331,4.445314
332,4.457235
333,4.455328
334,4.477262
335,4.463911
336,4.451036
337,4.466534
338,4.444599
339,4.277945
340,4.201889
341,4.212856
342,4.155159
343,4.167318
344,4.218340
345,4.173756
346,4.157782
347,4.140854
348,4.150152
349,4.161358
350,4.165649
351,4.698753
352,4.212856
353,4.194498
354,4.148483
355,4.134655
356,4.131079
357,4.170895
358,4.144907
359,4.145145
360,4.151583
361,4.156113
362,4.173756
363,4.122496
364,4.439116
365,4.723549
366,4.684687
367,4.655600
368,4.687309
369,4.645348
370,4.647255
371,4.631758
372,4.685402
373,4.702806
374,4.654884
375,4.660845
376,4.650116
377,4.644871
378,4.644156
379,4.667044
380,4.660130
381,4.642248
382,4.626513
383,4.652500
384,4.702091
385,4.634380
386,4.688501
387,4.725933
388,4.653215
389,4.662991
390,4.925489
391,6.976366
392,7.105350
393,4.776716
394,4.705667
395,4.784346
396,4.713058
397,4.745960
398,4.701853
399,4.750252
400,4.710197
401,4.702806
402,4.696608
403,4.693031
404,4.740000
405,4.694462
406,5.537987
407,4.545450
408,4.229784
409,4.210949
410,4.210949
411,4.216671
412,4.178047
413,4.226685
414,4.164696
415,4.187346
416,4.168272
417,4.178762
418,4.153728
419,4.156113
420,4.190922
421,4.172802
422,4.448891
423,4.187584
424,4.185677
425,4.189253
426,4.218102
427,4.186869
428,4.168749
429,4.392385
430,4.176378
431,4.208565
432,4.191160
433,4.205465
434,4.220009
435,4.204988
436,4.211664
437,4.223824
438,4.184961
439,4.210711
440,4.181385
441,4.182577
442,5.979300
443,4.773617
444,4.745722
445,4.700899
446,4.688501
447,4.710913
448,4.652500
449,4.668474
450,4.725218
451,4.693031
452,4.706860
453,4.695892
454,4.658937
455,4.673243
456,4.787207
457,4.705667
458,4.673004
459,4.740000
460,4.663467
461,4.661322
462,4.647732
463,4.704952
464,4.681110
465,4.651308
466,4.662991
467,4.690647
468,4.641294
469,4.662752
470,4.733086
471,4.638672
472,4.684448
473,4.694939
474,4.766941
475,4.673958
476,4.869223
477,4.892588
478,4.770994
479,4.662752
480,9.805918
481,4.876614
482,4.667997
483,4.680395
484,4.724979
485,5.703926
486,4.879713
487,4.822016
488,4.930735
489,4.911423
490,4.830360
491,4.858017
492,4.738092
493,4.784584
494,4.864216
495,4.848719
496,4.703045
497,4.801512
498,4.936457
499,4.713297
500,4.832745
501,4.794598
502,4.778147
503,4.884958
504,4.692554
505,4.788160
506,4.754305
507,4.845619
508,4.792690
509,5.241632
510,4.843235
511,4.772186
512,5.487680
513,4.845619
514,4.657745
515,4.776716
516,4.835367
517,4.800797
518,4.773140
519,4.807472
520,4.915714
521,4.819393
522,4.857302
523,4.805803
524,4.809856
525,4.829884
526,4.755020
527,4.885435
528,4.834652
529,4.898310
530,4.840374
531,4.914284
532,4.909754
533,4.681349
534,4.615545
535,4.898310
536,4.762888
537,4.738808
538,4.708767
539,4.697323
540,4.736900
541,4.768848
542,4.716158
543,4.748344
544,4.714727
545,4.707813
546,4.789829
547,4.719496
548,4.739285
549,4.866838
550,4.816532
551,4.717350
552,4.626274
553,4.639149
554,4.622936
555,4.691362
556,4.649878
557,4.670620
558,4.691362
559,4.649878
560,4.626274
561,4.655123
562,4.632950
563,4.639149
564,4.678488
565,4.637003
566,4.652023
567,4.649639
568,4.641771
569,4.642963
570,4.809856
571,4.735947
572,4.654884
573,5.525827
574,4.661083
575,4.759312
576,4.645348
577,4.629850
578,4.704475
579,4.677296
580,4.701614
581,4.688978
582,5.205393
583,4.693270
584,4.657507
585,4.649162
586,4.662275
587,4.683971
588,4.633427
589,4.620314
590,4.640818
591,4.691839
592,4.687548
593,4.626036
594,4.668474
595,4.646540
596,4.664660
597,4.651070
598,4.687548
599,4.672766
600,4.667521
601,4.652262
602,4.651070
603,4.642248
604,4.655123
605,4.732370
606,4.718304
607,4.704952
608,4.684687
609,4.667997
610,5.612373
611,4.691362
612,4.690409
613,4.711390
614,4.724026
615,4.683018
616,4.693508
617,4.676342
618,4.729033
619,4.693985
620,4.748106
621,4.690647
622,4.714727
623,4.739761
624,4.690886
625,4.654884
626,4.670382
627,4.661083
628,4.649878
629,4.654408
630,4.838943
631,4.675865
632,4.805565
633,4.664183
634,4.740000
635,4.700422
636,4.635334
637,4.801512
638,4.739046
639,4.679203
640,4.665613
641,4.696608
642,4.731894
643,4.725456
644,4.723549
645,4.784107
646,4.742384
647,4.692793
648,4.674435
649,4.709244
650,4.689693
651,4.653454
652,4.708290
653,4.656315
654,4.630804
655,4.643440
656,4.625320
657,4.638910
658,4.664898
659,4.695415
660,4.625797
661,4.651308
662,4.662991
663,4.650354
664,4.659176
665,4.652500
666,4.657269
667,4.617214
668,4.628181
669,4.687786
670,4.711628
671,4.709244
672,4.632950
673,4.698753
674,4.681826
675,4.671574
676,4.685879
677,4.668474
678,4.694223
679,4.690647
680,4.710913
681,4.641056
682,4.678488
683,4.683495
684,4.661083
685,4.648924
686,4.733801
687,4.644632
688,4.638433
689,4.714727
690,8.469105
691,4.683971
692,4.648924
693,4.640818
694,4.637957
695,4.683256
696,4.659653
697,4.673958
698,4.793644
699,4.712582
700,4.659653
701,4.675388
702,4.672289
703,4.691839
704,4.722357
705,4.665613
706,4.761219
707,4.693508
708,4.715919
709,4.692793
710,4.695892
711,4.692554
712,4.670620
713,4.662037
714,4.641771
715,4.656792
716,4.635334
717,4.660845
718,4.633665
719,4.635572
720,4.627705
721,4.672050
722,4.684687
723,4.661083
724,4.675388
725,4.723072
726,4.664898
727,4.683018
728,4.779100
729,4.713058
730,4.656076
731,4.646063
732,4.707813
733,4.719019
734,4.649639
735,4.669189
736,4.717827
737,4.734993
738,4.646063
739,4.644871
740,4.652977
741,4.723787
742,4.673004
743,4.703283
744,4.695177
745,4.676819
746,4.668474
747,4.653215
748,4.712343
749,4.725695
750,4.747868
751,4.658937
752,4.686832
753,4.683971
754,4.680157
755,4.699707
756,4.721880
757,4.680157
758,4.668474
759,4.739761
760,4.672527
761,4.730225
762,4.697084
763,4.721642
764,4.687071
765,4.685640
766,4.707098
767,4.695654
768,4.692554
769,4.715681
770,4.653692
771,4.718065
772,4.688025
773,4.708052
774,4.647017
775,4.710674
776,4.716635
777,4.709005
778,4.665136
779,5.034447
780,4.660606
781,4.701853
782,4.742622
783,4.666805
784,4.694462
785,4.661798
786,4.692078
787,4.682779
788,4.700184
789,4.727364
790,4.660606
791,4.690409
792,4.725456
793,4.720211
794,4.690647
795,4.666805
796,4.744053
797,4.672766
798,4.698515
799,4.662514
800,4.678011
801,4.764557
802,4.703283
803,4.730701
804,4.693985
805,4.782915
806,4.664183
807,5.596876
808,4.693508
809,4.685640
810,4.645824
811,4.662037
812,4.655838
813,4.678726
814,4.675865
815,4.657269
816,4.687309
817,4.652262
818,4.669666
819,4.706383
820,4.721165
821,4.683018
822,4.646540
823,4.786968
824,4.756927
825,4.737854
826,4.837751
827,4.916906
828,4.862785
829,5.599260
830,4.858732
831,4.851341
832,4.911661
833,4.876375
834,4.924297
835,4.889250
836,4.837036
837,4.974365
838,4.919291
839,4.920959
840,4.847765
841,4.966736
842,4.975080
843,4.830837
844,4.925489
845,4.995584
846,4.912853
847,4.942179
848,4.969597
849,4.867077
850,4.891157
851,5.028963
852,4.976749
853,5.038738
854,4.996300
855,5.022764
856,4.851818
857,4.836321
858,4.806519
859,4.967690
860,4.900455
861,4.916191
862,4.900217
863,4.973173
864,4.817486
865,4.894733
866,4.979134
867,4.855394
868,5.013704
869,4.836321
870,4.893064
871,4.970789
872,4.853487
873,4.895687
874,4.963398
875,4.798412
876,5.858421
877,4.905939
878,4.829884
879,4.901409
880,4.851103
881,4.914522
882,5.006313
883,4.753113
884,4.933596
885,4.772663
886,4.744291
887,4.731178
888,4.747391
889,4.731655
890,4.722118
891,4.754782
892,4.758120
893,4.731655
894,4.729033
895,4.765272
896,4.770756
897,4.762650
898,4.737377
899,4.763365
900,4.753828
901,4.756927
902,4.714251
903,4.848003
904,4.838943
905,4.913092
906,4.830122
907,4.752636
908,4.923582
909,4.844189
910,4.827261
911,4.797935
912,4.897356
913,4.934072
914,4.894972
915,4.756212
916,4.909515
917,4.949093
918,4.834652
919,4.808903
920,4.831791
921,4.864216
922,4.834890
923,4.981518
924,4.820824
925,4.886389
926,4.965305
927,4.856348
928,4.860401
929,4.914045
930,4.870415
931,4.953623
932,4.827261
933,4.860878
934,4.885912
935,4.930735
936,4.925489
937,4.913568
938,4.830122
939,4.818201
940,4.858255
941,5.367756
942,4.838705
943,4.888535
944,4.889727
945,5.121469
946,4.904032
947,4.817963
948,4.860401
949,4.837036
950,4.918814
951,4.978418
952,4.907370
953,4.849672
954,4.864454
955,4.871130
956,4.870653
957,4.918814
958,4.933834
959,4.910469
960,6.288528
961,4.946947
962,4.819393
963,4.836798
964,4.908085
965,4.869461
966,4.875660
967,4.965067
968,4.861355
969,4.867554
970,4.805088
971,4.927874
972,4.908800
973,4.808187
974,4.850388
975,5.060196
976,4.782677
977,4.965782
978,4.913092
979,4.921675
980,4.938841
981,4.845381
982,4.920721
983,4.906416
984,4.915237
985,5.003929
986,4.836798
987,4.811287
988,4.841566
989,4.884243
990,4.803419
991,4.846334
992,4.947901
993,4.851580
994,4.977226
995,5.013704
996,4.850626
997,4.868507
998,5.891323
999,5.205154
1000,5.057335
